scan_train_g_xw
25,25;CIFAR100;0.00001;0.00001;0,1,2,3
25,25;CIFAR100;0.00001;0.00001;4,5,6,7
25,25;CIFAR100;0.00001;0.00001;8,9,10,11
25,25;CIFAR100;0.00001;0.00001;12,13,14,15
25,25;CIFAR100;0.00001;0.00001;16,17,18,19
25,25;CIFAR100;0.00001;0.000001;0,1,2,3
25,25;CIFAR100;0.00001;0.000001;4,5,6,7
25,25;CIFAR100;0.00001;0.000001;8,9,10,11
25,25;CIFAR100;0.00001;0.000001;12,13,14,15
25,25;CIFAR100;0.00001;0.000001;16,17,18,19
25,25;CIFAR100;0.000001;0.1;0,1,2,3
25,25;CIFAR100;0.000001;0.1;4,5,6,7
25,25;CIFAR100;0.000001;0.1;8,9,10,11
25,25;CIFAR100;0.000001;0.1;12,13,14,15
25,25;CIFAR100;0.000001;0.1;16,17,18,19
25,25;CIFAR100;0.000001;0.01;0,1,2,3
25,25;CIFAR100;0.000001;0.01;4,5,6,7
25,25;CIFAR100;0.000001;0.01;8,9,10,11
25,25;CIFAR100;0.000001;0.01;12,13,14,15
25,25;CIFAR100;0.000001;0.01;16,17,18,19
25,25;CIFAR100;0.000001;0.001;0,1,2,3
25,25;CIFAR100;0.000001;0.001;4,5,6,7
25,25;CIFAR100;0.000001;0.001;8,9,10,11
25,25;CIFAR100;0.000001;0.001;12,13,14,15
25,25;CIFAR100;0.000001;0.001;16,17,18,19
25,25;CIFAR100;0.000001;0.0001;0,1,2,3
25,25;CIFAR100;0.000001;0.0001;4,5,6,7
25,25;CIFAR100;0.000001;0.0001;8,9,10,11
25,25;CIFAR100;0.000001;0.0001;12,13,14,15
25,25;CIFAR100;0.000001;0.0001;16,17,18,19
25,25;CIFAR100;0.000001;0.00001;0,1,2,3
25,25;CIFAR100;0.000001;0.00001;4,5,6,7
25,25;CIFAR100;0.000001;0.00001;8,9,10,11
25,25;CIFAR100;0.000001;0.00001;12,13,14,15
25,25;CIFAR100;0.000001;0.00001;16,17,18,19
25,25;CIFAR100;0.000001;0.000001;0,1,2,3
25,25;CIFAR100;0.000001;0.000001;4,5,6,7
25,25;CIFAR100;0.000001;0.000001;8,9,10,11
25,25;CIFAR100;0.000001;0.000001;12,13,14,15
25,25;CIFAR100;0.000001;0.000001;16,17,18,19
500;K49;0.1;0.1;0,1,2,3
500;K49;0.1;0.1;4,5,6,7
500;K49;0.1;0.1;8,9,10,11
500;K49;0.1;0.1;12,13,14,15
500;K49;0.1;0.1;16,17,18,19
500;K49;0.1;0.01;0,1,2,3
500;K49;0.1;0.01;4,5,6,7
500;K49;0.1;0.01;8,9,10,11
500;K49;0.1;0.01;12,13,14,15
500;K49;0.1;0.01;16,17,18,19
500;K49;0.1;0.001;0,1,2,3
500;K49;0.1;0.001;4,5,6,7
500;K49;0.1;0.001;8,9,10,11
500;K49;0.1;0.001;12,13,14,15
500;K49;0.1;0.001;16,17,18,19
500;K49;0.1;0.0001;0,1,2,3
500;K49;0.1;0.0001;4,5,6,7
500;K49;0.1;0.0001;8,9,10,11
500;K49;0.1;0.0001;12,13,14,15
500;K49;0.1;0.0001;16,17,18,19
500;K49;0.1;0.00001;0,1,2,3
500;K49;0.1;0.00001;4,5,6,7
500;K49;0.1;0.00001;8,9,10,11
500;K49;0.1;0.00001;12,13,14,15
500;K49;0.1;0.00001;16,17,18,19
500;K49;0.1;0.000001;0,1,2,3
500;K49;0.1;0.000001;4,5,6,7
500;K49;0.1;0.000001;8,9,10,11
500;K49;0.1;0.000001;12,13,14,15
500;K49;0.1;0.000001;16,17,18,19
500;K49;0.01;0.1;0,1,2,3
500;K49;0.01;0.1;4,5,6,7
500;K49;0.01;0.1;8,9,10,11
500;K49;0.01;0.1;12,13,14,15
500;K49;0.01;0.1;16,17,18,19
500;K49;0.01;0.01;0,1,2,3
500;K49;0.01;0.01;4,5,6,7
500;K49;0.01;0.01;8,9,10,11
500;K49;0.01;0.01;12,13,14,15
500;K49;0.01;0.01;16,17,18,19
500;K49;0.01;0.001;0,1,2,3
500;K49;0.01;0.001;4,5,6,7
500;K49;0.01;0.001;8,9,10,11
500;K49;0.01;0.001;12,13,14,15
500;K49;0.01;0.001;16,17,18,19
500;K49;0.01;0.0001;0,1,2,3
500;K49;0.01;0.0001;4,5,6,7
500;K49;0.01;0.0001;8,9,10,11
500;K49;0.01;0.0001;12,13,14,15
500;K49;0.01;0.0001;16,17,18,19
500;K49;0.01;0.00001;0,1,2,3
500;K49;0.01;0.00001;4,5,6,7
500;K49;0.01;0.00001;8,9,10,11
500;K49;0.01;0.00001;12,13,14,15
500;K49;0.01;0.00001;16,17,18,19
500;K49;0.01;0.000001;0,1,2,3
500;K49;0.01;0.000001;4,5,6,7
500;K49;0.01;0.000001;8,9,10,11
500;K49;0.01;0.000001;12,13,14,15
500;K49;0.01;0.000001;16,17,18,19
500;K49;0.001;0.1;0,1,2,3
500;K49;0.001;0.1;4,5,6,7
500;K49;0.001;0.1;8,9,10,11
500;K49;0.001;0.1;12,13,14,15
500;K49;0.001;0.1;16,17,18,19
500;K49;0.001;0.01;0,1,2,3
500;K49;0.001;0.01;4,5,6,7
500;K49;0.001;0.01;8,9,10,11
500;K49;0.001;0.01;12,13,14,15
500;K49;0.001;0.01;16,17,18,19
500;K49;0.001;0.001;0,1,2,3
500;K49;0.001;0.001;4,5,6,7
500;K49;0.001;0.001;8,9,10,11
500;K49;0.001;0.001;12,13,14,15
500;K49;0.001;0.001;16,17,18,19
500;K49;0.001;0.0001;0,1,2,3
500;K49;0.001;0.0001;4,5,6,7
500;K49;0.001;0.0001;8,9,10,11
500;K49;0.001;0.0001;12,13,14,15
500;K49;0.001;0.0001;16,17,18,19
500;K49;0.001;0.00001;0,1,2,3
500;K49;0.001;0.00001;4,5,6,7
500;K49;0.001;0.00001;8,9,10,11
500;K49;0.001;0.00001;12,13,14,15
500;K49;0.001;0.00001;16,17,18,19
500;K49;0.001;0.000001;0,1,2,3
500;K49;0.001;0.000001;4,5,6,7
500;K49;0.001;0.000001;8,9,10,11