scan_train_g_xw
25;EMNIST_bymerge;0.000001;0.6;4,5
25;EMNIST_bymerge;0.000001;0.6;6,7
25;EMNIST_bymerge;0.000001;0.6;8,9
25;EMNIST_bymerge;0.000001;0.6;10,11
25;EMNIST_bymerge;0.000001;0.6;12,13
25;EMNIST_bymerge;0.000001;0.6;14,15
25;EMNIST_bymerge;0.000001;0.6;16,17
25;EMNIST_bymerge;0.000001;0.6;18,19
25;CIFAR100;0.0002;0.06;0,1
25;CIFAR100;0.0002;0.06;2,3
25;CIFAR100;0.0002;0.06;4,5
25;CIFAR100;0.0002;0.06;6,7
25;CIFAR100;0.0002;0.06;8,9
25;CIFAR100;0.0002;0.06;10,11
25;CIFAR100;0.0002;0.06;12,13
25;CIFAR100;0.0002;0.06;14,15
25;CIFAR100;0.0002;0.06;16,17
25;CIFAR100;0.0002;0.06;18,19
25;CIFAR100;0.0002;0.03;0,1
25;CIFAR100;0.0002;0.03;2,3
25;CIFAR100;0.0002;0.03;4,5
25;CIFAR100;0.0002;0.03;6,7
25;CIFAR100;0.0002;0.03;8,9
25;CIFAR100;0.0002;0.03;10,11
25;CIFAR100;0.0002;0.03;12,13
25;CIFAR100;0.0002;0.03;14,15
25;CIFAR100;0.0002;0.03;16,17
25;CIFAR100;0.0002;0.03;18,19
25;CIFAR100;0.0002;0.02;0,1
25;CIFAR100;0.0002;0.02;2,3
25;CIFAR100;0.0002;0.02;4,5
25;CIFAR100;0.0002;0.02;6,7
25;CIFAR100;0.0002;0.02;8,9
25;CIFAR100;0.0002;0.02;10,11
25;CIFAR100;0.0002;0.02;12,13
25;CIFAR100;0.0002;0.02;14,15
25;CIFAR100;0.0002;0.02;16,17
25;CIFAR100;0.0002;0.02;18,19
25;CIFAR100;0.0002;0.01;0,1
25;CIFAR100;0.0002;0.01;2,3
25;CIFAR100;0.0002;0.01;4,5
25;CIFAR100;0.0002;0.01;6,7
25;CIFAR100;0.0002;0.01;8,9
25;CIFAR100;0.0002;0.01;10,11
25;CIFAR100;0.0002;0.01;12,13
25;CIFAR100;0.0002;0.01;14,15
25;CIFAR100;0.0002;0.01;16,17
25;CIFAR100;0.0002;0.01;18,19
25;CIFAR100;0.0002;0.006;0,1
25;CIFAR100;0.0002;0.006;2,3
25;CIFAR100;0.0002;0.006;4,5
25;CIFAR100;0.0002;0.006;6,7
25;CIFAR100;0.0002;0.006;8,9
25;CIFAR100;0.0002;0.006;10,11
25;CIFAR100;0.0002;0.006;12,13
25;CIFAR100;0.0002;0.006;14,15
25;CIFAR100;0.0002;0.006;16,17
25;CIFAR100;0.0002;0.006;18,19
25;CIFAR100;0.0001;0.06;0,1
25;CIFAR100;0.0001;0.06;2,3
25;CIFAR100;0.0001;0.06;4,5
25;CIFAR100;0.0001;0.06;6,7
25;CIFAR100;0.0001;0.06;8,9
25;CIFAR100;0.0001;0.06;10,11
25;CIFAR100;0.0001;0.06;12,13
25;CIFAR100;0.0001;0.06;14,15
25;CIFAR100;0.0001;0.06;16,17
25;CIFAR100;0.0001;0.06;18,19
25;CIFAR100;0.0001;0.03;0,1
25;CIFAR100;0.0001;0.03;2,3
25;CIFAR100;0.0001;0.03;4,5
25;CIFAR100;0.0001;0.03;6,7
25;CIFAR100;0.0001;0.03;8,9
25;CIFAR100;0.0001;0.03;10,11
25;CIFAR100;0.0001;0.03;12,13
25;CIFAR100;0.0001;0.03;14,15
25;CIFAR100;0.0001;0.03;16,17
25;CIFAR100;0.0001;0.03;18,19
25;CIFAR100;0.0001;0.02;0,1
25;CIFAR100;0.0001;0.02;2,3
25;CIFAR100;0.0001;0.02;4,5
25;CIFAR100;0.0001;0.02;6,7
25;CIFAR100;0.0001;0.02;8,9
25;CIFAR100;0.0001;0.02;10,11
25;CIFAR100;0.0001;0.02;12,13
25;CIFAR100;0.0001;0.02;14,15
25;CIFAR100;0.0001;0.02;16,17
25;CIFAR100;0.0001;0.02;18,19
25;CIFAR100;0.0001;0.01;0,1
25;CIFAR100;0.0001;0.01;2,3
25;CIFAR100;0.0001;0.01;4,5
25;CIFAR100;0.0001;0.01;6,7
25;CIFAR100;0.0001;0.01;8,9
25;CIFAR100;0.0001;0.01;10,11
25;CIFAR100;0.0001;0.01;12,13
25;CIFAR100;0.0001;0.01;14,15
25;CIFAR100;0.0001;0.01;16,17
25;CIFAR100;0.0001;0.01;18,19
25;CIFAR100;0.0001;0.006;0,1
25;CIFAR100;0.0001;0.006;2,3
25;CIFAR100;0.0001;0.006;4,5
25;CIFAR100;0.0001;0.006;6,7
25;CIFAR100;0.0001;0.006;8,9
25;CIFAR100;0.0001;0.006;10,11
25;CIFAR100;0.0001;0.006;12,13
25;CIFAR100;0.0001;0.006;14,15
25;CIFAR100;0.0001;0.006;16,17
25;CIFAR100;0.0001;0.006;18,19
25;CIFAR100;0.00006;0.06;0,1
25;CIFAR100;0.00006;0.06;2,3
25;CIFAR100;0.00006;0.06;4,5
25;CIFAR100;0.00006;0.06;6,7
25;CIFAR100;0.00006;0.06;8,9
25;CIFAR100;0.00006;0.06;10,11
25;CIFAR100;0.00006;0.06;12,13
25;CIFAR100;0.00006;0.06;14,15
25;CIFAR100;0.00006;0.06;16,17
25;CIFAR100;0.00006;0.06;18,19
25;CIFAR100;0.00006;0.03;0,1
25;CIFAR100;0.00006;0.03;2,3
25;CIFAR100;0.00006;0.03;4,5
25;CIFAR100;0.00006;0.03;6,7
25;CIFAR100;0.00006;0.03;8,9
25;CIFAR100;0.00006;0.03;10,11
25;CIFAR100;0.00006;0.03;12,13
25;CIFAR100;0.00006;0.03;14,15
25;CIFAR100;0.00006;0.03;16,17
25;CIFAR100;0.00006;0.03;18,19